image: test_map.pgm
resolution: 0.050000
origin: [-18.601831, -10.459769, 0.000000]
negate: 0
occupied_thresh: 0.65
free_thresh: 0.196

